error_1 : [1.43106308]
error_2 : [2.41209484]
error_3 : [2.72729517]
error_4 : [4.14211601]
error_5 : [5.90707545]