error_1 : [1.93146306]
error_2 : [0.94101142]
error_3 : [0.27469309]
error_4 : [-0.70663089]
error_5 : [0.14993372]