error_1 : [-0.44823592]
error_2 : [5.87906483]
error_3 : [7.78446641]
error_4 : [-0.11769023]
error_5 : [1.22990831]