error_1 : [3.93049064]
error_2 : [5.90533302]
error_3 : [7.04674579]
error_4 : [8.93106809]
error_5 : [10.84940876]