error_1 : [0.43651108]
error_2 : [0.25427973]
error_3 : [0.50681624]
error_4 : [0.31463372]
error_5 : [0.32842356]